NW_015503979.1
1034 1718
14346 15392
18282 19208
27590 29802
31465 31515
32725 34063
44904 45222
48421 48474
58653 58797
73021 73816
110196 111081
122509 122582
125988 126071
135332 135449
141221 144424
144850 145482
147807 148792
156730 156874
164124 164210
164546 165093
171785 172749
179507 180240
180853 183660
187769 187822
203704 204604
213765 215106
245093 246817
250462 250610
254067 255982
263204 264010
265614 265696
273830 274640
287654 287809
294831 294914
295519 296125
298211 298342
303059 303726
308420 309996
317110 317317
317795 317931
321443 321518
321928 322006
322262 322731
331487 331568
359553 359645
362219 362314
369548 369753
371268 371332
376907 377553
384859 384936
391710 391813
392167 392229
402685 402808
405297 405445
405826 406039
406552 406671
423924 424052
432728 433509
439983 440072
445196 445298
446110 446197
449526 450267
450807 451334
459936 460015
462077 462213
470377 470490
481881 481960
490547 490762
494711 494764
499281 499830
506631 506685
516371 516522
533923 534017
542086 542187
549632 549737
554601 554703
556231 556347
589321 589418
604103 604271
606667 606846
610111 610163
617551 617667
619143 619217
621692 621764
637622 637708
650730 651057
656724 656775
657337 657386
665165 665355
666230 666495
673803 674216
678349 678820
706071 706177
718489 718543
730942 731034
747641 747758
749357 749598
758424 759272
759764 760284
784347 784667
784899 785058
785305 786150
786785 787307
792005 792081
814799 814869
815234 815309
817479 817569
818774 818898
819302 819377
827042 827097
858554 858618
867483 868219
880038 880088
880157 880301
888310 889083
896618 897621
897769 897865
902856 903725
905813 906322
908626 908718
913832 914530
920333 920405
928324 929058
930381 930517
934864 934941
939338 939491
939594 939888
944733 944961
945175 945240
986621 987709
990123 991325
995069 995883
998736 999364
1004423 1006177
1007988 1010147
1014024 1015012
1017106 1017976
1021083 1021209
1022565 1023011
1035870 1036021
1036105 1036167
1037015 1037076
1043306 1043809
1044441 1044825
1048811 1048944
1050570 1051906
1053666 1055006
1056857 1057581
1059182 1059382
1060546 1060655
1063308 1063987
1077213 1077967
1113270 1113393
1131178 1131248
1136803 1137799
1145781 1146133
1171185 1171273
1213350 1213457
1216762 1216815
1218478 1218532
1222421 1222470
1233490 1233714
1234418 1234514
1238641 1238708
1243169 1243301
1243885 1243966
1249234 1251501
1274859 1275749
1279265 1279438
1290298 1290402
1291658 1293369
1298982 1299038
1338635 1338693
1343262 1343447
1343805 1343932
1358280 1358392
1358920 1359036
1371655 1372099
1375135 1375266
1375384 1375454
1383877 1383938
1388466 1388989
1408443 1408820
1424353 1424438
1425021 1425795
1427931 1427987
1428367 1428596
1430506 1430578
1443606 1444168
1462546 1462599
1483235 1483287
1484944 1485038
1486862 1486923
1490543 1490641
1512686 1512745
1519094 1519298
1524953 1525047
1579853 1580170
1591533 1591624
1596160 1596282
1597942 1598556
1619827 1620928
1635916 1636185
1636820 1636874
1639767 1640346
1640682 1640844
1642622 1642741
1651559 1651893
1660847 1661626
1662523 1662661
1666904 1667283
1707192 1707289
1715702 1715762
1732864 1732983
1736635 1736770
1743950 1744008
1749870 1749928
1758966 1759732
1764263 1764888
1769854 1770682
1772962 1773347
1774533 1775055
1778011 1778162
1783101 1783263
1784289 1784394
1794688 1794839
1801522 1801591
1805257 1805901
1809263 1809373
1809737 1810088
1816911 1818010
1825340 1825850
1837549 1837740
1841165 1841941
1854753 1854842
1859041 1859165
1861711 1861828
1887545 1887650
1889079 1889262
1889861 1890269
1892614 1893246
1905688 1906296
1931075 1931839
1936638 1937216
1946116 1946895
1961789 1962532
1965460 1965677
1965817 1967133
1974191 1974657
1981848 1982550
1983765 1983816
1984949 1986351
1991967 1992804
1997220 1997283
1997665 1997931
1998107 1998156
2003407 2003826
2009166 2009291
2012437 2013779
2023277 2026180
2028454 2028665
2044353 2044469
2067947 2068692
2102560 2103385
2112346 2112421
2115684 2115733
2127981 2128115
2143154 2143746
2149512 2150169
2157885 2157961
2159816 2160310
2162114 2162660
2166308 2174573
2176248 2176349
2185843 2187062
2195504 2196462
2221066 2221800
2224546 2224607
2224878 2225137
2230268 2231405
2245475 2246076
2247989 2249091
2255394 2255489
2264052 2264547
2267779 2272017
2272903 2272973
2275306 2275860
2300227 2300299
2314162 2314954
2317373 2317970
2318887 2319005
2323160 2324308
2333154 2333886
2336193 2337242
2345700 2346038
2377978 2379024
2391686 2392255
2394085 2394200
2418143 2418958
2426135 2426254
2439594 2439695
2446203 2446296
2452608 2452694
2456780 2456840
2464063 2464180
2481025 2481192
2488821 2488884
2500862 2500999
2506605 2506742
2512867 2513741
2524900 2524997
2535121 2535963
2539541 2540390
2543679 2544044
2555493 2560092
2573739 2573862
2576274 2576497
2596625 2596719
2597501 2598144
2603437 2603506
2607746 2608154
2614793 2614948
2624933 2626020
2636861 2637311
2638768 2638956
2639387 2640107
2668441 2668492
2672936 2673572
2674660 2674818
2675243 2675306
2683227 2683608
2692134 2692336
2700663 2702689
2703866 2704202
2705108 2706837
2712523 2712585
2719471 2719578
2721338 2721826
2735692 2737890
2767286 2767375
2780892 2781128
2798911 2799309
2802410 2802460
2818487 2819056
2821843 2822716
2836279 2836619
2836864 2837887
2838292 2838341
2847309 2848063
2853241 2854244
2865990 2866879
2878017 2879127
2882144 2883004
2887002 2887336
2892422 2892971
2899620 2899680
2907567 2907688
2909625 2909712
2912014 2912735
2932070 2932182
2932906 2933092
2937323 2938144
2944058 2944127
2947079 2947887
2951254 2951331
2954386 2954774
2962473 2963362
2966129 2966216
2974927 2975319
2979067 2979791
2987331 2987471
2987647 2987766
2987889 2987945
2989497 2990089
2995597 2996294
3027578 3028771
3038793 3038860
3048184 3048279
3072931 3073504
3076371 3076438
3083319 3086009
3092333 3092385
3097337 3097429
3101915 3102052
3120692 3120794
3120904 3122105
3129836 3129910
3138348 3138534
3139021 3139094
3149106 3149169
3162782 3163299
3206525 3206574
3206798 3206918
3207268 3207347
3207457 3207530
3207669 3207759
3210162 3210291
3217809 3217903
3218495 3218582
3219741 3219807
3222714 3223288
3233935 3234562
3244407 3245407
3252978 3254176
3268432 3269986
3276905 3277743
3282639 3283355
3290018 3290932
3296994 3298096
3302181 3303215
3322182 3322421
3328572 3328683
3329107 3329485
3333471 3334496
3346591 3347166
3354970 3355044
3355317 3356123
3372283 3372357
3378018 3379109
3393035 3393154
3413821 3414463
3415084 3416900
3440876 3441385
3459014 3461061
3499733 3499812
3508990 3509063
3511869 3512943
3539324 3539393
3542248 3542572
3555862 3556685
3576801 3576936
3579794 3580501
3588514 3588588
3589410 3590502
3604215 3604986
3605657 3606037
3606267 3608694
3609314 3609539
3609664 3610955
3615234 3615799
3622931 3623989
3629721 3630242
3630753 3631683
3649753 3650600
3665942 3666696
3690932 3691207
3692671 3692775
3699786 3700687
3703132 3703188
3703892 3703981
3706997 3707146
3730077 3730141
3749414 3752357
3772470 3772533
3776609 3776676
3780029 3780584
3793088 3793814
3805274 3805775
3820788 3821117
3830973 3831037
3864840 3864900
3866684 3867833
3871547 3871650
3876410 3876598
3890153 3890852
3897627 3897718
3905699 3905793
3911200 3911953
3981433 3981842
4004593 4004668
4011604 4011674
4015615 4015689
4022549 4022698
4033394 4033762
4034878 4037456
4050057 4050111
4060906 4060959
4065053 4065166
4107002 4108125
4130296 4131068
4150864 4150928
4162117 4162702
4179495 4179574
4180657 4180847
4182275 4182345
4196788 4196855
4199604 4199692
4200231 4200369
4204974 4205079
4206836 4206903
4210581 4211214
4211553 4211894
4217379 4217458
4220490 4220641
4226392 4226870
4233556 4233610
4236304 4236363
4248980 4249033
4253705 4253883
4255905 4256680
4268999 4269093
4270708 4271296
4281147 4281214
4289710 4289781
4291125 4291339
4297660 4297747
4330018 4330092
4330936 4331075
4347027 4347292
4352301 4352382
4359099 4359184
4367839 4367892
4373765 4373850
4374240 4374305
4374447 4374550
4374664 4374792
4374899 4374959
4375405 4375478
4383313 4383673
4398348 4398961
4412560 4412657
4413727 4413845
4415424 4415480
4417843 4418423
4421143 4421578
4423775 4424427
4451492 4452107
4467148 4467197
4473031 4473133
4473730 4473788
4475311 4475429
4476086 4476347
4487789 4488019
4491613 4491769
4494042 4494207
4494400 4494462
4494569 4497170
4513387 4516968
4517767 4519202
4545613 4545665
4552282 4552929
4567259 4567334
4571714 4571777
4599546 4600683
4630111 4630187
4643205 4643552
4659961 4660491
4661660 4661721
4670409 4671366
4676454 4677000
